World
System
Cameras
1076_0.bmp
1076_1.bmp
1076_2.bmp
1076_3.bmp
1076_4.bmp
1076_5.bmp
1076_6.bmp
1076_7.bmp
1076_8.bmp
1076_9.bmp
1077_0.bmp
1077_1.bmp
1077_2.bmp
1077_3.bmp
1077_4.bmp
1077_5.bmp
1077_6.bmp
1077_7.bmp
1077_8.bmp
1077_9.bmp
1078_0.bmp
1078_1.bmp
1078_2.bmp
1078_3.bmp
1078_4.bmp
1078_5.bmp
1078_6.bmp
1078_7.bmp
1078_8.bmp
1078_9.bmp
1079_0.bmp
1079_5.bmp
1079_4.bmp
1079_3.bmp
1079_2.bmp
1079_1.bmp
1079_6.bmp
1079_7.bmp
1079_8.bmp
1079_9.bmp
1080_0.bmp
1080_1.bmp
1080_2.bmp
1080_3.bmp
1080_4.bmp
1080_5.bmp
1080_6.bmp
1080_7.bmp
1080_8.bmp
1080_9.bmp
1081_9.bmp
1081_8.bmp
1081_7.bmp
1081_6.bmp
1081_5.bmp
1081_4.bmp
1081_3.bmp
1081_2.bmp
1081_1.bmp
1081_0.bmp
1082_0.bmp
1082_1.bmp
1082_2.bmp
1082_3.bmp
1082_4.bmp
1082_5.bmp
1082_6.bmp
1082_7.bmp
1082_8.bmp
1082_9.bmp
1083_0.bmp
1083_1.bmp
1083_2.bmp
1083_3.bmp
1083_4.bmp
1083_5.bmp
1083_6.bmp
1083_7.bmp
1083_8.bmp
1083_9.bmp
1084_9.bmp
1084_8.bmp
1084_7.bmp
1084_6.bmp
1084_5.bmp
1084_4.bmp
1084_3.bmp
1084_2.bmp
1084_1.bmp
1084_0.bmp
1085_0.bmp
1085_1.bmp
1085_2.bmp
1085_3.bmp
1085_4.bmp
1085_5.bmp
1085_6.bmp
1085_7.bmp
1085_8.bmp
1085_9.bmp
Survey
1152
1153
1154
1150
1151
110
1126
1155
1124
1109
1107
1125
1156
1114
1105
1111
109
1104
1103
1102
1100
1101
107
1112
1106
111
1270
106
1268
1267
1060
1054
116
1265
1163
1162
1161
1160
1128
1129
1130
1159
1133
1157
1135
1131
1132
1134
1138
1137
112
1140
1139
1182
1183
1144
108
1141
1142
1143
1149
1145
1146
1115
1117
1110
1122
1123
1119
1120
1121
1214
1127
1118
1113
1116
1108
1213
1023
1016
1007
1011
1009
1010
1012
1058
1056
1025
1015
1057
1030
1024
1033
1091
1034
1035
1036
1041
1158
1038
1040
1039
1049
1048
1045
1046
1136
1044
1047
100
8
9
10
1190
1189
1191
1188
1187
1186
1233
1088
1085
1084
1083
1087
1082
1086
1181
1172
1173
1170
1174
1171
1169
1164
1166
1168
1167
1165
1184
1177
1175
1180
1176
1179
11
12
13
1230
1228
1229
1231
1147
1148
1227
1226
1225
1223
1224
1043
1031
1014
1013
1068
1069
1094
1093
1032
1211
1253
1254
1261
1255
1264
1262
1266
1263
1257
1055
1269
114
1071
1061
103
1062
115
1064
1070
1273
113
1272
1271
1274
1275
1276
1277
1218
1217
1203
1029
14
15
16
1059
1050
117
1052
1051
1259
1258
1256
1251
1252
1249
1076
118
1195
1196
119
1197
1241
1065
1067
1066
1063
102
101
1250
1208
1207
1206
1204
1205
1234
1236
1200
1201
1209
1202
1089
1221
1220
1219
1222
1212
1215
1022
1019
1018
1017
1020
1003
1002
1000
1001
1005
1008
1260
1053
1210
120
17
18
19
1239
1238
1237
1240
1242
1077
1075
1074
1073
1235
1232
1244
1198
1245
1199
1248
1246
1099
1092
1072
1097
1247
1095
1096
1098
1027
1028
20
21
22
1192
1193
1178
1079
1078
1081
1080
1194
1185
1042
1090
1243
ST01
ST2
ST3
ST4
ST5
ST6
Axes
X-axis
Y-axis
Z-axis
Rays
Measurement References
Default
Review Model
Model
